1.000000000000000000e+00 3.973872363567352295e-01
2.000000000000000000e+00 3.200854361057281494e-01
3.000000000000000000e+00 3.376609981060028076e-01
4.000000000000000000e+00 3.258211016654968262e-01
5.000000000000000000e+00 3.075577020645141602e-01
6.000000000000000000e+00 2.979807257652282715e-01
7.000000000000000000e+00 3.543374240398406982e-01
8.000000000000000000e+00 4.597359597682952881e-01
9.000000000000000000e+00 4.212177693843841553e-01
1.000000000000000000e+01 3.097640275955200195e-01
1.100000000000000000e+01 3.340523242950439453e-01
1.200000000000000000e+01 3.639264702796936035e-01
1.300000000000000000e+01 4.085030555725097656e-01
1.400000000000000000e+01 3.125687241554260254e-01
1.500000000000000000e+01 3.898114860057830811e-01
1.600000000000000000e+01 3.180634975433349609e-01
1.700000000000000000e+01 2.510389089584350586e-01
1.800000000000000000e+01 3.739268183708190918e-01
1.900000000000000000e+01 2.527904212474822998e-01
2.000000000000000000e+01 2.974501848220825195e-01
2.100000000000000000e+01 3.440798521041870117e-01
2.200000000000000000e+01 3.667277693748474121e-01
2.300000000000000000e+01 2.282632589340209961e-01
2.400000000000000000e+01 3.077970445156097412e-01
2.500000000000000000e+01 3.661019504070281982e-01
2.600000000000000000e+01 3.377985358238220215e-01
2.700000000000000000e+01 2.688772082328796387e-01
2.800000000000000000e+01 3.050094842910766602e-01
2.900000000000000000e+01 2.331758439540863037e-01
3.000000000000000000e+01 3.826906085014343262e-01
3.100000000000000000e+01 3.592936992645263672e-01
3.200000000000000000e+01 2.988675236701965332e-01
3.300000000000000000e+01 2.505925893783569336e-01
3.400000000000000000e+01 3.424770832061767578e-01
3.500000000000000000e+01 3.337784409523010254e-01
3.600000000000000000e+01 3.016778230667114258e-01
3.700000000000000000e+01 2.692751884460449219e-01
3.800000000000000000e+01 4.007787704467773438e-01
3.900000000000000000e+01 3.069185018539428711e-01
4.000000000000000000e+01 2.850869894027709961e-01
4.100000000000000000e+01 2.690612673759460449e-01
4.200000000000000000e+01 3.681388497352600098e-01
4.300000000000000000e+01 3.150517344474792480e-01
4.400000000000000000e+01 2.722993791103363037e-01
4.500000000000000000e+01 2.837323844432830811e-01
4.600000000000000000e+01 3.046035170555114746e-01
4.700000000000000000e+01 2.678529620170593262e-01
4.800000000000000000e+01 2.003035247325897217e-01
4.900000000000000000e+01 2.157453298568725586e-01
5.000000000000000000e+01 3.394694030284881592e-01
5.100000000000000000e+01 2.652007043361663818e-01
5.200000000000000000e+01 2.340349256992340088e-01
5.300000000000000000e+01 2.066601961851119995e-01
5.400000000000000000e+01 2.883319258689880371e-01
5.500000000000000000e+01 2.382004559040069580e-01
5.600000000000000000e+01 3.075848221778869629e-01
5.700000000000000000e+01 2.491298615932464600e-01
5.800000000000000000e+01 2.239581197500228882e-01
5.900000000000000000e+01 2.915242612361907959e-01
6.000000000000000000e+01 2.282481640577316284e-01
6.100000000000000000e+01 2.041194140911102295e-01
6.200000000000000000e+01 2.353031039237976074e-01
6.300000000000000000e+01 1.857233047485351562e-01
6.400000000000000000e+01 2.698922157287597656e-01
6.500000000000000000e+01 2.159081101417541504e-01
6.600000000000000000e+01 2.213008999824523926e-01
6.700000000000000000e+01 2.801372706890106201e-01
6.800000000000000000e+01 2.080535292625427246e-01
6.900000000000000000e+01 2.044185847043991089e-01
7.000000000000000000e+01 2.074326276779174805e-01
7.100000000000000000e+01 1.981596052646636963e-01
7.200000000000000000e+01 2.576049566268920898e-01
7.300000000000000000e+01 2.220238149166107178e-01
7.400000000000000000e+01 1.701556295156478882e-01
7.500000000000000000e+01 2.300193160772323608e-01
7.600000000000000000e+01 1.671003997325897217e-01
7.700000000000000000e+01 1.713500320911407471e-01
7.800000000000000000e+01 2.066479772329330444e-01
7.900000000000000000e+01 1.702294349670410156e-01
8.000000000000000000e+01 2.459457218647003174e-01
8.100000000000000000e+01 1.993182301521301270e-01
8.200000000000000000e+01 1.901053488254547119e-01
8.300000000000000000e+01 1.864057630300521851e-01
8.400000000000000000e+01 2.226577699184417725e-01
8.500000000000000000e+01 1.596857309341430664e-01
8.600000000000000000e+01 1.578412652015686035e-01
8.700000000000000000e+01 1.291972547769546509e-01
8.800000000000000000e+01 1.196878254413604736e-01
8.900000000000000000e+01 1.544938683509826660e-01
9.000000000000000000e+01 1.168011650443077087e-01
9.100000000000000000e+01 2.005429267883300781e-01
9.200000000000000000e+01 1.457151621580123901e-01
9.300000000000000000e+01 1.520455181598663330e-01
9.400000000000000000e+01 1.597868204116821289e-01
9.500000000000000000e+01 1.192991733551025391e-01
9.600000000000000000e+01 1.343569457530975342e-01
9.700000000000000000e+01 1.418112516403198242e-01
9.800000000000000000e+01 1.356723159551620483e-01
