1.000000000000000000e+00 5.781382918357849121e-01
2.000000000000000000e+00 5.408753156661987305e-01
3.000000000000000000e+00 5.386753678321838379e-01
4.000000000000000000e+00 5.099432468414306641e-01
5.000000000000000000e+00 4.843111038208007812e-01
6.000000000000000000e+00 4.707300066947937012e-01
7.000000000000000000e+00 4.840897917747497559e-01
8.000000000000000000e+00 5.200814008712768555e-01
9.000000000000000000e+00 4.804645180702209473e-01
1.000000000000000000e+01 4.042227864265441895e-01
1.100000000000000000e+01 4.011341333389282227e-01
1.200000000000000000e+01 4.044465422630310059e-01
1.300000000000000000e+01 4.178423881530761719e-01
1.400000000000000000e+01 3.621916174888610840e-01
1.500000000000000000e+01 3.907739520072937012e-01
1.600000000000000000e+01 3.496979475021362305e-01
1.700000000000000000e+01 3.049575090408325195e-01
1.800000000000000000e+01 3.596470654010772705e-01
1.900000000000000000e+01 2.903703153133392334e-01
2.000000000000000000e+01 3.061959743499755859e-01
2.100000000000000000e+01 3.240729570388793945e-01
2.200000000000000000e+01 3.273712992668151855e-01
2.300000000000000000e+01 2.501891255378723145e-01
2.400000000000000000e+01 2.809851169586181641e-01
2.500000000000000000e+01 3.000968694686889648e-01
2.600000000000000000e+01 2.803249657154083252e-01
2.700000000000000000e+01 2.342069000005722046e-01
2.800000000000000000e+01 2.447007894515991211e-01
2.900000000000000000e+01 2.054249048233032227e-01
3.000000000000000000e+01 2.702797055244445801e-01
3.100000000000000000e+01 2.490386962890625000e-01
3.200000000000000000e+01 2.054599821567535400e-01
3.300000000000000000e+01 1.841980367898941040e-01
3.400000000000000000e+01 2.108024507761001587e-01
3.500000000000000000e+01 1.980691701173782349e-01
3.600000000000000000e+01 1.720772832632064819e-01
3.700000000000000000e+01 1.552747040987014771e-01
3.800000000000000000e+01 2.165174782276153564e-01
3.900000000000000000e+01 1.771963983774185181e-01
4.000000000000000000e+01 1.593764722347259521e-01
4.100000000000000000e+01 1.498908251523971558e-01
4.200000000000000000e+01 2.000808119773864746e-01
4.300000000000000000e+01 1.772204041481018066e-01
4.400000000000000000e+01 1.481110602617263794e-01
4.500000000000000000e+01 1.551637947559356689e-01
4.600000000000000000e+01 1.645864844322204590e-01
4.700000000000000000e+01 1.467384696006774902e-01
4.800000000000000000e+01 1.088636517524719238e-01
4.900000000000000000e+01 1.269186139106750488e-01
5.000000000000000000e+01 1.845509409904479980e-01
5.100000000000000000e+01 1.475460827350616455e-01
5.200000000000000000e+01 1.230071038007736206e-01
5.300000000000000000e+01 1.110827922821044922e-01
5.400000000000000000e+01 1.558875739574432373e-01
5.500000000000000000e+01 1.366611123085021973e-01
5.600000000000000000e+01 1.634397357702255249e-01
5.700000000000000000e+01 1.304318606853485107e-01
5.800000000000000000e+01 1.192247793078422546e-01
5.900000000000000000e+01 1.527137011289596558e-01
6.000000000000000000e+01 1.204504817724227905e-01
6.100000000000000000e+01 1.100709959864616394e-01
6.200000000000000000e+01 1.316694319248199463e-01
6.300000000000000000e+01 9.850309789180755615e-02
6.400000000000000000e+01 1.491942554712295532e-01
6.500000000000000000e+01 1.249228566884994507e-01
6.600000000000000000e+01 1.183790564537048340e-01
6.700000000000000000e+01 1.473176330327987671e-01
6.800000000000000000e+01 1.181230619549751282e-01
6.900000000000000000e+01 1.086576730012893677e-01
7.000000000000000000e+01 1.200176998972892761e-01
7.100000000000000000e+01 1.125951558351516724e-01
7.200000000000000000e+01 1.389021277427673340e-01
7.300000000000000000e+01 1.193005144596099854e-01
7.400000000000000000e+01 1.003058627247810364e-01
7.500000000000000000e+01 1.254794001579284668e-01
7.600000000000000000e+01 9.074318408966064453e-02
7.700000000000000000e+01 1.023839563131332397e-01
7.800000000000000000e+01 1.105833947658538818e-01
7.900000000000000000e+01 9.742835909128189087e-02
8.000000000000000000e+01 1.321113407611846924e-01
8.100000000000000000e+01 1.067586392164230347e-01
8.200000000000000000e+01 1.010785177350044250e-01
8.300000000000000000e+01 1.066481322050094604e-01
8.400000000000000000e+01 1.197976022958755493e-01
8.500000000000000000e+01 8.802333474159240723e-02
8.600000000000000000e+01 8.461830765008926392e-02
8.700000000000000000e+01 7.194054871797561646e-02
8.800000000000000000e+01 6.672827154397964478e-02
8.900000000000000000e+01 8.338934928178787231e-02
9.000000000000000000e+01 6.512900441884994507e-02
9.100000000000000000e+01 1.107208654284477234e-01
9.200000000000000000e+01 7.920846343040466309e-02
9.300000000000000000e+01 8.532959222793579102e-02
9.400000000000000000e+01 9.876386821269989014e-02
9.500000000000000000e+01 6.457151472568511963e-02
9.600000000000000000e+01 7.328169047832489014e-02
9.700000000000000000e+01 8.486501127481460571e-02
9.800000000000000000e+01 7.422598451375961304e-02
