1.000000000000000000e+00 7.588893771171569824e-01
2.000000000000000000e+00 7.616652250289916992e-01
3.000000000000000000e+00 7.396897673606872559e-01
4.000000000000000000e+00 6.940654516220092773e-01
5.000000000000000000e+00 6.610645055770874023e-01
6.000000000000000000e+00 6.434792876243591309e-01
7.000000000000000000e+00 6.138421297073364258e-01
8.000000000000000000e+00 5.804268717765808105e-01
9.000000000000000000e+00 5.397112369537353516e-01
1.000000000000000000e+01 4.986815154552459717e-01
1.100000000000000000e+01 4.682159423828125000e-01
1.200000000000000000e+01 4.449666142463684082e-01
1.300000000000000000e+01 4.271817207336425781e-01
1.400000000000000000e+01 4.118145108222961426e-01
1.500000000000000000e+01 3.917364478111267090e-01
1.600000000000000000e+01 3.813323676586151123e-01
1.700000000000000000e+01 3.588761091232299805e-01
1.800000000000000000e+01 3.453673124313354492e-01
1.900000000000000000e+01 3.279502093791961670e-01
2.000000000000000000e+01 3.149417638778686523e-01
2.100000000000000000e+01 3.040660321712493896e-01
2.200000000000000000e+01 2.880148291587829590e-01
2.300000000000000000e+01 2.721150219440460205e-01
2.400000000000000000e+01 2.541732192039489746e-01
2.500000000000000000e+01 2.340917587280273438e-01
2.600000000000000000e+01 2.228513807058334351e-01
2.700000000000000000e+01 1.995365917682647705e-01
2.800000000000000000e+01 1.843920946121215820e-01
2.900000000000000000e+01 1.776739656925201416e-01
3.000000000000000000e+01 1.578687727451324463e-01
3.100000000000000000e+01 1.387836933135986328e-01
3.200000000000000000e+01 1.120524257421493530e-01
3.300000000000000000e+01 1.178034767508506775e-01
3.400000000000000000e+01 7.912782579660415649e-02
3.500000000000000000e+01 6.235989928245544434e-02
3.600000000000000000e+01 4.247673600912094116e-02
3.700000000000000000e+01 4.127421602606773376e-02
3.800000000000000000e+01 3.225619718432426453e-02
3.900000000000000000e+01 4.747429117560386658e-02
4.000000000000000000e+01 3.366595879197120667e-02
4.100000000000000000e+01 3.072037361562252045e-02
4.200000000000000000e+01 3.202276304364204407e-02
4.300000000000000000e+01 3.938906639814376831e-02
4.400000000000000000e+01 2.392273023724555969e-02
4.500000000000000000e+01 2.659519016742706299e-02
4.600000000000000000e+01 2.456945180892944336e-02
4.700000000000000000e+01 2.562397718429565430e-02
4.800000000000000000e+01 1.742377690970897675e-02
4.900000000000000000e+01 3.809190541505813599e-02
5.000000000000000000e+01 2.963249012827873230e-02
5.100000000000000000e+01 2.989147230982780457e-02
5.200000000000000000e+01 1.197928562760353088e-02
5.300000000000000000e+01 1.550539210438728333e-02
5.400000000000000000e+01 2.344323322176933289e-02
5.500000000000000000e+01 3.512176498770713806e-02
5.600000000000000000e+01 1.929464936256408691e-02
5.700000000000000000e+01 1.173387281596660614e-02
5.800000000000000000e+01 1.449144445359706879e-02
5.900000000000000000e+01 1.390313636511564255e-02
6.000000000000000000e+01 1.265279203653335571e-02
6.100000000000000000e+01 1.602257788181304932e-02
6.200000000000000000e+01 2.803575992584228516e-02
6.300000000000000000e+01 1.128288917243480682e-02
6.400000000000000000e+01 2.849629893898963928e-02
6.500000000000000000e+01 3.393761068582534790e-02
6.600000000000000000e+01 1.545721665024757385e-02
6.700000000000000000e+01 1.449799910187721252e-02
6.800000000000000000e+01 2.819260023534297943e-02
6.900000000000000000e+01 1.289675943553447723e-02
7.000000000000000000e+01 3.260277584195137024e-02
7.100000000000000000e+01 2.703070640563964844e-02
7.200000000000000000e+01 2.019928768277168274e-02
7.300000000000000000e+01 1.657722145318984985e-02
7.400000000000000000e+01 3.045609407126903534e-02
7.500000000000000000e+01 2.093948051333427429e-02
7.600000000000000000e+01 1.438597124069929123e-02
7.700000000000000000e+01 3.341787308454513550e-02
7.800000000000000000e+01 1.451881229877471924e-02
7.900000000000000000e+01 2.462728135287761688e-02
8.000000000000000000e+01 1.827695779502391815e-02
8.100000000000000000e+01 1.419905573129653931e-02
8.200000000000000000e+01 1.205168105661869049e-02
8.300000000000000000e+01 2.689050883054733276e-02
8.400000000000000000e+01 1.693742908537387848e-02
8.500000000000000000e+01 1.636094227433204651e-02
8.600000000000000000e+01 1.139534544199705124e-02
8.700000000000000000e+01 1.468384824693202972e-02
8.800000000000000000e+01 1.376871298998594284e-02
8.900000000000000000e+01 1.228483300656080246e-02
9.000000000000000000e+01 1.345684006810188293e-02
9.100000000000000000e+01 2.089880965650081635e-02
9.200000000000000000e+01 1.270176749676465988e-02
9.300000000000000000e+01 1.861367002129554749e-02
9.400000000000000000e+01 3.774090856313705444e-02
9.500000000000000000e+01 9.843859821557998657e-03
9.600000000000000000e+01 1.220644079148769379e-02
9.700000000000000000e+01 2.791877090930938721e-02
9.800000000000000000e+01 1.277965866029262543e-02
